0 0 0 0
1 6.73099999999999999947 .00084666666666666666 0
2 13.46199999999999999894 .00084666666666666666 0
3 20.23533333333333333174 0 0
4 26.96633333333333333121 .00084666666666666666 0
5 33.69741799999999999734 .00084666666666666666 0
6 40.47066666666666666348 0 0
7 47.20166666666666666295 .00084666666666666666 0
8 53.93266666666666666242 .00084666666666666666 0
9 60.70599999999999999522 0 0
10 67.43699999999999999469 0 0
11 74.16799999999999999416 .00084666666666666666 0
12 80.94133333333333332696 0 0
13 87.67233333333333332643 0 0
14 94.40333333333333332590 .00084666666666666666 0
15 101.17666666666666665870 0 0
16 107.90766666666666665817 .00084666666666666666 0
17 114.63866666666666665764 .00084666666666666666 0
18 0 7.23899999999999999943 0
19 6.73099999999999999947 7.23899999999999999943 0
20 13.46199999999999999894 7.23899999999999999943 0
21 20.23533333333333333174 7.23899999999999999943 0
22 26.96633333333333333121 7.23899999999999999943 0
23 33.69733333333333333068 7.23899999999999999943 0
24 40.47083599999999999681 7.23899999999999999943 0
25 47.20166666666666666295 7.23899999999999999943 0
26 53.93266666666666666242 7.23899999999999999943 0
27 60.70599999999999999522 7.23899999999999999943 0
28 67.43699999999999999469 7.23899999999999999943 0
29 74.16799999999999999416 7.23899999999999999943 0
30 80.94133333333333332696 7.23899999999999999943 0
31 87.67233333333333332643 7.23899999999999999943 0
32 94.40333333333333332590 7.23899999999999999943 0
33 101.17666666666666665870 7.23899999999999999943 0
34 107.90766666666666665817 7.23899999999999999943 0
35 114.63866666666666665764 7.23899999999999999943 0
36 .00008466666666666666 14.48900666666666666552 0
37 6.73116933333333333280 14.48900666666666666552 0
38 13.46216933333333333227 14.48900666666666666552 0
39 20.23533333333333333174 14.48900666666666666552 0
40 26.96641799999999999787 14.48900666666666666552 0
41 33.69724866666666666401 14.48900666666666666552 0
42 40.47092066666666666347 14.48900666666666666552 0
43 47.20166666666666666295 14.48900666666666666552 0
44 53.93266666666666666242 14.48900666666666666552 0
45 60.70599999999999999522 14.48900666666666666552 0
46 67.43784666666666666135 14.48900666666666666552 0
47 74.16799999999999999416 14.48900666666666666552 0
48 80.94133333333333332696 14.48900666666666666552 0
49 87.67317999999999999309 14.48900666666666666552 0
50 94.40417999999999999256 14.48900666666666666552 0
51 101.17666666666666665870 14.48900666666666666552 0
52 107.90766666666666665817 14.48900666666666666552 0
53 114.63866666666666665764 14.48900666666666666552 0
54 0 21.76356666666666666495 0
55 6.73099999999999999947 21.76356666666666666495 0
56 13.46191533333333333227 21.76356666666666666495 0
57 20.23533333333333333174 21.76356666666666666495 0
58 26.96633333333333333121 21.76356666666666666495 0
59 33.69733333333333333068 21.76356666666666666495 0
60 40.47058199999999999681 21.76356666666666666495 0
61 47.20166666666666666295 21.76356666666666666495 0
62 53.93266666666666666242 21.76356666666666666495 0
63 60.70599999999999999522 21.76356666666666666495 0
64 67.43699999999999999469 21.76356666666666666495 0
65 74.16799999999999999416 21.76356666666666666495 0
66 80.94133333333333332696 21.76356666666666666495 0
67 87.67233333333333332643 21.76356666666666666495 0
68 94.40333333333333332590 21.76356666666666666495 0
69 101.17666666666666665870 21.76356666666666666495 0
70 107.90766666666666665817 21.76356666666666666495 0
71 114.63866666666666665764 21.76356666666666666495 0
72 -.00008466666666666666 29.01357333333333333104 0
73 6.73091533333333333280 29.01357333333333333104 0
74 13.46199999999999999894 29.01357333333333333104 0
75 20.23541799999999999840 29.01357333333333333104 0
76 26.96633333333333333121 29.01357333333333333104 0
77 33.69758733333333333067 29.01357333333333333104 0
78 40.47100533333333333014 29.01357333333333333104 0
79 47.20166666666666666295 29.01357333333333333104 0
80 53.93266666666666666242 29.01357333333333333104 0
81 60.70599999999999999522 29.01357333333333333104 0
82 67.43699999999999999469 29.01357333333333333104 0
83 74.16799999999999999416 29.01441999999999999771 0
84 80.94133333333333332696 29.01441999999999999771 0
85 87.67317999999999999309 29.01357333333333333104 0
86 94.40333333333333332590 29.01357333333333333104 0
87 101.17581999999999999203 29.01441999999999999771 0
88 107.90851333333333332483 29.01357333333333333104 0
89 114.63951333333333332430 29.01441999999999999771 0
90 .00008466666666666666 36.25172666666666666381 0
91 6.73099999999999999947 36.25172666666666666381 0
92 13.46208466666666666560 36.25172666666666666381 0
93 20.23533333333333333174 36.25172666666666666381 0
94 26.96633333333333333121 36.25172666666666666381 0
95 33.69733333333333333068 36.25172666666666666381 0
96 40.47092066666666666347 36.25172666666666666381 0
97 47.20166666666666666295 36.25172666666666666381 0
98 53.93266666666666666242 36.25172666666666666381 0
99 60.70599999999999999522 36.25172666666666666381 0
100 67.43784666666666666135 36.25172666666666666381 0
101 74.16799999999999999416 36.25172666666666666381 0
102 80.94133333333333332696 36.25172666666666666381 0
103 87.67317999999999999309 36.25172666666666666381 0
104 94.40417999999999999256 36.25172666666666666381 0
105 101.17666666666666665870 36.25172666666666666381 0
106 107.90766666666666665817 36.25172666666666666381 0
107 114.63866666666666665764 36.25172666666666666381 0
108 -.00008466666666666666 43.51866666666666666324 0
109 6.73083066666666666613 43.51866666666666666324 0
110 13.46208466666666666560 43.51951333333333332990 0
111 20.23533333333333333174 43.51866666666666666324 0
112 26.96633333333333333121 43.51866666666666666324 0
113 33.69767199999999999734 43.51951333333333332990 0
114 40.47075133333333333014 43.51866666666666666324 0
115 47.20166666666666666295 43.51866666666666666324 0
116 53.93266666666666666242 43.51951333333333332990 0
117 60.70599999999999999522 43.51866666666666666324 0
118 67.43699999999999999469 43.51866666666666666324 0
119 74.16799999999999999416 43.51951333333333332990 0
120 80.94133333333333332696 43.51866666666666666324 0
121 87.67233333333333332643 43.51866666666666666324 0
122 94.40248666666666665923 43.52035999999999999657 0
123 101.17497333333333332536 43.51866666666666666324 0
124 107.90766666666666665817 43.51866666666666666324 0
125 114.63951333333333332430 43.51951333333333332990 0
126 .00008466666666666666 50.75766666666666666267 0
127 6.73108466666666666613 50.75766666666666666267 0
128 13.46199999999999999894 50.75766666666666666267 0
129 20.23533333333333333174 50.75766666666666666267 0
130 26.96633333333333333121 50.75766666666666666267 0
131 33.69724866666666666401 50.75766666666666666267 0
132 40.47066666666666666348 50.75766666666666666267 0
133 47.20166666666666666295 50.75766666666666666267 0
134 53.93266666666666666242 50.75766666666666666267 0
135 60.70599999999999999522 50.75766666666666666267 0
136 67.43699999999999999469 50.75851333333333332933 0
137 74.16799999999999999416 50.75681999999999999600 0
138 80.94048666666666666029 50.75681999999999999600 0
139 87.67233333333333332643 50.75935999999999999600 0
140 94.40417999999999999256 50.75851333333333332933 0
141 101.17751333333333332536 50.75766666666666666267 0
142 107.90766666666666665817 50.75766666666666666267 0
143 114.63866666666666665764 50.75766666666666666267 0
144 .00008466666666666666 58.00851999999999999543 0
145 6.73116933333333333280 58.00767333333333332876 0
146 13.46208466666666666560 58.00767333333333332876 0
147 20.23541799999999999840 58.00851999999999999543 0
148 26.96641799999999999787 58.00767333333333332876 0
149 33.69724866666666666401 58.00767333333333332876 0
150 40.47100533333333333014 58.00851999999999999543 0
151 47.20166666666666666295 58.00767333333333332876 0
152 53.93266666666666666242 58.00767333333333332876 0
153 60.70599999999999999522 58.00851999999999999543 0
154 67.43784666666666666135 58.00682666666666666209 0
155 74.16799999999999999416 58.00851999999999999543 0
156 80.94133333333333332696 58.00936666666666666209 0
157 87.67317999999999999309 58.00597999999999999543 0
158 94.40417999999999999256 58.00682666666666666209 0
159 101.17666666666666665870 58.00936666666666666209 0
160 107.90766666666666665817 58.00767333333333332876 0
161 114.63866666666666665764 58.00767333333333332876 0
162 -.00016933333333333333 65.28223333333333332819 0
163 6.73083066666666666613 65.28138666666666666152 0
164 13.46199999999999999894 65.28223333333333332819 0
165 20.23541799999999999840 65.28223333333333332819 0
166 26.96633333333333333121 65.28138666666666666152 0
167 33.69741799999999999734 65.28223333333333332819 0
168 40.47075133333333333014 65.28223333333333332819 0
169 47.20166666666666666295 65.28223333333333332819 0
170 53.93266666666666666242 65.28223333333333332819 0
171 60.70599999999999999522 65.28223333333333332819 0
172 67.43699999999999999469 65.28223333333333332819 0
173 74.16799999999999999416 65.28223333333333332819 0
174 80.94217999999999999362 65.28223333333333332819 0
175 87.67233333333333332643 65.28223333333333332819 0
176 94.40248666666666665923 65.28307999999999999485 0
177 101.17581999999999999203 65.28223333333333332819 0
178 107.90766666666666665817 65.28138666666666666152 0
179 114.63866666666666665764 65.28223333333333332819 0
180 0 72.53223999999999999428 0
181 6.73108466666666666613 72.53223999999999999428 0
182 13.46199999999999999894 72.53223999999999999428 0
183 20.23533333333333333174 72.53223999999999999428 0
184 26.96633333333333333121 72.53223999999999999428 0
185 33.69733333333333333068 72.53223999999999999428 0
186 40.47075133333333333014 72.53223999999999999428 0
187 47.20166666666666666295 72.53223999999999999428 0
188 53.93266666666666666242 72.53308666666666666095 0
189 60.70599999999999999522 72.53223999999999999428 0
190 67.43699999999999999469 72.53223999999999999428 0
191 74.16799999999999999416 72.53308666666666666095 0
192 80.94133333333333332696 72.53308666666666666095 0
193 87.67317999999999999309 72.53139333333333332762 0
194 94.40333333333333332590 72.53139333333333332762 0
195 101.17666666666666665870 72.53223999999999999428 0
196 107.90766666666666665817 72.53308666666666666095 0
197 114.63866666666666665764 72.53223999999999999428 0
198 0 79.77039333333333332705 0
199 6.73099999999999999947 79.77039333333333332705 0
200 13.46208466666666666560 79.77039333333333332705 0
201 20.23524866666666666507 79.77039333333333332705 0
202 26.96641799999999999787 79.77039333333333332705 0
203 33.69733333333333333068 79.77039333333333332705 0
204 40.47100533333333333014 79.77039333333333332705 0
205 47.20166666666666666295 79.77039333333333332705 0
206 53.93266666666666666242 79.77123999999999999371 0
207 60.70599999999999999522 79.77039333333333332705 0
208 67.43784666666666666135 79.76954666666666666038 0
209 74.16799999999999999416 79.77123999999999999371 0
210 80.94133333333333332696 79.77123999999999999371 0
211 87.67317999999999999309 79.76954666666666666038 0
212 94.40333333333333332590 79.77039333333333332705 0
213 101.17581999999999999203 79.77123999999999999371 0
214 107.90766666666666665817 79.77039333333333332705 0
215 114.63866666666666665764 79.77123999999999999371 0
