13 273.748 444.6
27 627.794 514.83
31 326.837 404.081
46 607.578 445.882
47 529.981 418.203
48 454.118 390.648
49 380.89 363.078
50 309.483 335.67
52 177.554 283.286
60 984.092 512.832
61 903.845 485.703
63 744.701 430.914
64 665.73 403.366
65 587.221 375.697
66 511.107 348.253
67 436.871 321.084
68 365.204 294.338
69 296.702 268.196
70 230.953 242.705
71 168.863 218.495
77 1122.76 496.538
78 1043.19 469.758
79 963.476 442.799
80 883.249 415.596
81 803.215 388.09
82 724.052 360.724
83 645.501 333.091
84 568.135 306.009
85 493.783 279.17
86 421.554 252.899
87 351.917 227.168
89 222.157 178.666
94 1260.33 479.772
95 1181.51 453.397
96 1102.34 426.732
97 1022.66 399.717
98 942.313 372.485
99 862.228 345.271
100 782.947 318.073
101 703.674 290.468
102 626.801 263.779
103 550.83 237.096
105 407.841 186.312
106 340.647 162.154
112 1317.46 436.482
113 1239.6 410.22
114 1160.4 383.64
115 1081.15 356.768
116 1001.14 329.555
117 921.19 302.511
118 841.743 275.565
120 684.799 221.592
121 609.305 195.573
122 535.727 170.361
123 464.976 145.889
124 396.831 122.334
125 331.9 99.8471
127 1599.47 469.913
130 1374.13 393.305
131 1296.43 366.938
132 1218.02 340.347
133 1138.83 313.626
134 1059.24 286.719
135 979.229 259.612
136 899.865 232.784
137 820.922 206.042
138 743.182 179.815
139 667.243 154.02
140 593.057 129.305
141 521.962 105.745
142 453.745 82.9882
143 387.71 61.0746
146 1578.79 401.786
147 1504.87 376.152
148 1428.81 350.275
149 1352.02 324.077
150 1273.79 297.513
151 1195.35 270.917
152 1116.32 244.186
153 1036.88 217.354
154 957.971 190.822
155 879.435 164.399
157 725.218 113.297
158 650.835 89.1034
159 579.36 66.1178
160 510.417 44.1817
161 443.933 23.1813
165 1556.72 333.553
166 1481.66 307.755
167 1405.44 281.486
168 1328.31 255.117
169 1250.3 228.583
170 1172.01 202.305
171 1093.25 175.682
172 1014.87 149.439
173 936.588 123.358
174 859.111 97.8245
175 782.867 73.1759
176 708.339 49.6415
177 636.334 27.2733
183 1606.27 291.508
184 1532.21 265.772
185 1457.11 239.793
186 1380.72 213.669
187 1303.65 187.444
188 1226.17 161.124
189 1147.95 134.931
190 1070.53 109.026
192 915.665 58.4656
193 839.943 34.4052
200 1725.01 276.131
201 1653.22 250.569
202 1580.35 224.876
203 1506.19 199.136
204 1430.57 173.157
205 1354.57 147.298
206 1278.19 121.211
207 1200.95 95.4217
208 1124.11 69.9362
209 1047.1 44.7067
210 970.769 20.4567
