25 492.919 309.018
26 403.059 263.432
39 1004.75 444.828
40 898.38 396.613
46 341.833 133.05
47 265.562 94.4064
57 1105.54 389.238
61 704.206 210.869
63 526.029 128.912
65 366.303 53.9693
74 1300.44 381.769
75 1198.67 336.725
79 802.066 165.885
80 711.897 125.293
81 623.309 88.1513
91 1483.73 373.752
92 1383.51 330.686
93 1284.19 287.512
96 989.793 162.86
97 896.695 123.272
98 806.47 85.4116
110 1460.21 282.279
113 1170.67 160.119
114 1076.44 121.321
115 984.475 83.9753
116 894.948 48.1107
127 1623.7 277.153
129 1437.2 197.03
130 1342.88 158.01
131 1249.17 119.99
132 1156.9 83.0944
148 1411.95 119.483
150 1230.89 48.1216
166 1474.5 84.2628
