61 1116.05 472.292
62 1016.61 468.805
63 909.174 464.747
78 1221 415.092
80 1030.95 404.762
81 924.61 398.497
83 694.498 384.107
96 1233.5 355.589
97 1141.9 348.824
98 1043.81 341.319
111 1483.46 319.395
112 1409.87 312.477
113 1330.32 304.982
114 1244.33 296.934
115 1153.97 288.326
116 1057.19 279.127
117 955.044 269.192
122 355.743 209.848
127 1622.64 282.371
128 1557.97 274.711
130 1417.31 258.204
131 1337.9 249.021
132 1254.03 239.344
134 1069.71 218.062
135 969.146 206.408
146 1562 224.7
147 1495.22 215.196
148 1422.27 205.175
149 1344.88 194.785
150 1262.03 183.472
151 1174.54 171.609
152 1080.92 159.05
153 981.769 145.628
154 879.734 131.852
159 286.498 58.956
165 1498.87 165.294
166 1426.67 154.058
167 1349.68 142.046
168 1268.21 129.358
169 1182.03 116.072
170 1092.55 102.427
171 996.273 87.8084
172 895.496 72.3512
183 1499.78 117.032
184 1428.86 104.596
185 1353.85 91.479
186 1272.99 77.4218
187 1190.28 63.2615
188 1101.5 48.0006
189 1008.63 32.4763
201 1500.57 70.7857
202 1429.92 57.0783
203 1356.11 43.051
204 1277.8 28.2755
