6 1123.94 483.286
7 1055.37 479.041
8 985.768 473.901
9 914.242 468.381
10 841.195 462.252
24 1125.58 444.316
25 1057.23 439.728
26 989.316 433.99
27 919.018 427.91
28 847.862 421.355
29 774.328 414.332
40 1251.78 416.393
41 1191.26 411.622
42 1126.59 406.671
43 1060.16 401.301
44 993.419 395.152
45 924.486 388.525
46 853.998 381.547
47 782.159 373.897
48 707.062 366.147
49 631.923 358.502
51 474.691 342.241
58 1250.34 380.717
59 1190.25 375.453
60 1127.14 370.156
61 1063.07 364.02
62 997.828 357.134
63 929.18 350.234
64 860.776 342.743
66 716.682 326.658
67 642.85 318.55
69 489.938 302.323
70 412.966 294.066
71 335.503 285.77
75 1306.12 352.02
76 1248.62 346.453
77 1189.55 340.686
78 1127.67 334.626
79 1065.06 327.827
80 1000.9 320.834
84 726.838 289.022
87 505.257 264.133
89 354.924 247.675
92 1357.63 325.328
93 1302.62 319.295
94 1246.42 313.306
95 1188.39 307.148
96 1128.19 300.492
97 1066.8 293.421
98 1003.63 285.978
99 937.585 278.315
100 872.07 270.315
101 804.623 261.376
102 736.721 252.843
106 444.849 219.176
110 1354.07 293.864
111 1300.07 287.418
112 1245.43 281.092
113 1188.17 274.514
114 1128.97 267.492
115 1068.78 260.26
116 1006.59 252.615
117 943.018 244.588
119 812.319 227.242
121 674.892 209.65
122 604.094 201.077
124 460.546 184.285
125 389.259 176.116
127 1402.65 269.731
128 1350.77 263.429
129 1298.1 256.625
130 1243.74 249.886
131 1187.45 243.097
132 1129.55 235.771
133 1070.12 228.257
134 1009.23 220.33
135 947 212.148
136 884.063 203.339
137 819.705 194.435
138 752.81 185.347
142 475.703 150.996
143 404.874 142.617
145 1397.83 240.845
146 1346.89 233.811
147 1295.46 226.983
148 1241.64 220.006
149 1186.57 212.916
150 1129.76 205.468
151 1071.5 197.531
152 1011.67 189.512
153 951.14 180.95
154 889.53 172.082
155 826.372 162.863
156 761.653 153.569
161 422.176 111.12
162 1440.41 219.258
164 1343.56 205.513
165 1292.08 198.378
166 1239.54 191.353
167 1184.93 183.736
169 1072.46 168.1
170 1014.26 159.947
171 954.548 151.125
172 894.344 141.961
173 832.563 132.543
174 769.993 123.144
178 506.444 88.6077
182 1338.97 178.379
184 1236.83 163.521
185 1183.35 155.928
186 1129.1 148.212
187 1073.4 139.936
188 1016.37 131.299
189 958.354 122.611
190 899.556 113.317
191 839.275 103.923
192 777.739 94.37
193 714.668 85.1443
194 648.948 76.1675
196 520.196 59.4194
197 454.521 51.4585
199 1381.99 159.688
200 1334.46 152.153
201 1284.91 144.745
202 1234.15 137.073
203 1181.67 129.326
204 1128.29 121.399
205 1073.66 113.123
206 1018.44 104.466
207 961.649 95.1769
208 903.722 85.9896
209 845.495 76.427
210 785.602 67.1319
211 723.998 57.8375
214 535.299 32.3424
