26 992.456 505.32
27 875.936 486.143
42 1197.57 463.976
43 1101.95 447.184
45 887.633 404.435
49 324.239 280.743
59 1278.78 414.656
60 1194.27 397.226
61 1104.15 377.04
62 1005.14 353.512
68 213.804 157.975
76 1345.9 372.967
77 1271.97 354.801
78 1191.27 335.105
79 1105.11 312.542
80 1012.17 287.684
81 909.404 260.749
82 800.913 230.024
85 416.102 123.603
86 269.342 84.7672
93 1402.05 337.049
94 1336 318.758
95 1264.69 298.994
96 1187.48 277.325
97 1104.88 253.384
98 1015.11 227.168
99 917.552 198.702
100 815.832 167.359
102 583.502 95.804
103 456.655 59.3649
110 1451.43 305.751
111 1392.07 287.336
112 1328.87 267.97
113 1259.95 246.896
114 1185.27 223.932
115 1104.75 199.124
116 1017.87 171.978
117 926.197 142.732
119 724.878 76.1
128 1441.18 260.31
129 1383.72 241.137
130 1321.67 220.505
131 1254.09 198.504
132 1181.55 174.903
133 1103.94 149.196
134 1021.26 121.756
135 933.74 92.1676
136 841.366 60.0498
137 743.064 26.1207
146 1430.03 217.548
147 1373.93 197.692
148 1312.95 176.55
149 1247.4 154.03
150 1177.48 129.991
151 1102.91 103.926
152 1023.65 76.288
153 940.481 46.5007
165 1364.04 157.501
167 1240.26 112.92
168 1172.23 88.4044
169 1101.21 62.4735
170 1025.28 34.93
182 1407.62 140.976
183 1353.45 120.05
184 1295.56 98.4296
200 1395.86 106.132
202 1286.72 63.3316
