10 438.797 448.537
11 377.304 418.108
12 317.615 388.046
13 260.399 358.237
25 693.412 505.156
28 501.768 414.387
30 379.45 354.254
31 321.725 324.686
32 265.888 295.816
33 212.257 267.457
34 160.742 239.795
42 822.323 500.739
43 758.318 469.859
44 693.366 440
45 629.233 409.855
46 565.704 379.861
47 503.419 349.822
48 443.268 320.065
49 383.861 291.005
50 327.392 262.413
51 273.303 234.558
52 221.682 207.833
59 954.292 494.178
60 888.706 464.442
61 823.315 434.634
62 758.717 404.821
63 693.986 374.75
64 630.324 344.937
65 567.234 315.152
66 506.567 285.954
67 447.29 257.158
68 390.275 228.994
69 335.219 201.714
70 282.603 175.342
75 1149.37 516.399
76 1083.15 487.888
77 1018.51 458.391
78 952.867 428.844
79 887.69 399.349
80 822.616 369.726
81 758.346 340.129
82 694.503 310.536
83 631.373 281.055
84 570.121 252.093
85 510.731 223.859
86 452.951 196.131
87 397.297 169.285
89 292.927 118.664
93 1210.76 480.527
94 1146.51 451.809
95 1081.26 422.781
96 1016.58 393.578
97 951.497 364.224
98 886.584 335.079
99 821.844 305.818
100 758.315 276.492
103 573.571 190.619
104 515.569 163.34
106 405.542 112.059
107 353.735 87.7923
109 1398.36 501.379
110 1335.25 473.325
111 1271.87 444.955
112 1208.37 416.492
113 1143.57 387.622
114 1078.95 358.609
115 1014.12 329.736
116 949.337 300.627
117 885.306 271.656
118 821.626 242.695
119 758.716 213.82
120 696.991 185.57
121 636.221 158.091
122 577.416 131.734
123 520.505 106.327
124 467.016 81.34
127 1457.33 466.182
129 1331.52 409.556
130 1268.23 381.228
131 1204.26 352.652
132 1140.05 324.08
133 1075.55 295.513
134 1011.49 266.605
135 947.424 237.822
136 883.912 209.236
137 821.526 180.989
138 759.328 153.161
139 698.849 126.303
140 639.944 100.225
141 583.021 75.3268
144 1572.27 457.728
145 1511.74 430.343
146 1451.74 402.221
147 1389.28 374.667
148 1326.48 346.582
149 1263.27 318.333
150 1199.82 289.957
151 1136.25 261.495
152 1072.02 233.14
153 1008.48 204.877
154 945.821 176.933
155 882.919 148.839
157 760.409 95.0136
158 701.523 69.4571
159 644.087 45.1801
160 588.719 21.874
162 1625.37 422.474
164 1506.29 367.769
165 1444.95 340.241
166 1382.95 312.545
167 1320.34 284.567
168 1257.43 256.45
169 1194.39 228.491
170 1131.11 200.562
171 1067.98 172.634
172 1005.4 144.855
173 943.429 117.341
174 881.98 90.5187
175 821.371 64.5176
176 762.256 39.5221
177 704.662 15.7806
180 1675.25 387.974
181 1617.28 361.063
182 1558.49 333.882
183 1498.39 306.587
185 1375.08 251.521
186 1313.13 223.993
187 1250.87 196.259
188 1188.49 168.586
189 1126.16 141.172
190 1064.07 113.933
191 1002.23 87.0688
192 941.358 60.6807
193 880.928 35.2209
199 1666.52 327.788
200 1608.26 300.72
201 1549.17 273.707
202 1489.12 246.652
203 1428.17 219.428
204 1366.62 192.336
205 1304.97 165.05
206 1243.56 137.874
207 1181.89 110.925
208 1120.54 84.2148
209 1059.47 57.7175
