6 800.914 489.133
7 694.85 437.573
8 594.924 385.052
9 499.289 333.83
10 409.152 284.203
11 324.16 236.199
12 245.099 191.317
13 172.006 149.927
23 1017.32 485.761
24 911.133 435.569
25 806.962 386.624
26 707.947 336.987
27 612.573 288.219
28 522.618 240.685
29 437.647 194.992
30 357.811 152.213
32 214.938 76.0722
41 1116.66 432.803
42 1013.27 385.391
43 912.331 338.511
44 814.793 291.225
45 720.746 245.06
46 631.208 199.775
47 546.228 156.165
48 466.092 115.565
49 390.876 77.9369
50 320.704 43.1709
57 1407.59 475.188
58 1308.46 429.346
59 1207.91 383.63
60 1107.67 338.612
61 1010.14 292.993
62 914.937 247.868
64 734.09 161.259
65 649.193 119.754
66 568.942 81.4417
67 493.301 45.6709
74 1576.52 469.166
75 1482.65 425.803
76 1386.34 381.682
77 1290.16 338.177
78 1193.48 294.82
79 1099.39 251.398
80 1006.76 208.504
81 915.996 167.21
82 829.495 126.297
83 745.593 86.726
84 666.807 49.9339
92 1639.75 421.363
93 1549.27 379.701
94 1457.04 337.824
95 1364.42 296.202
96 1272.13 254.669
97 1180.64 213.253
98 1090.75 172.786
99 1002.36 133.443
102 756.438 21.5882
110 1697.49 377.131
112 1521.9 296.752
113 1432.88 256.854
114 1343.87 217.316
115 1254.96 178.229
117 1081.93 102.129
118 999.121 65.1641
119 918.684 29.4199
129 1665.66 297.335
130 1580.5 258.824
131 1494.45 220.838
132 1408.39 183.331
134 1238.08 109.499
135 1155.03 73.4713
136 1074.31 38.4535
145 1875.84 335.099
146 1795.63 297.851
147 1714.87 260.893
148 1632.24 224.258
149 1549.68 188.149
150 1466.67 152.209
151 1384.18 116.665
152 1302.46 81.9232
153 1221.18 47.0286
164 1837.27 262.716
165 1758.6 227.453
166 1678.89 192.717
168 1519.23 123.902
169 1440.04 89.926
170 1361.31 56.6913
171 1283.72 23.7567
185 1643.56 130.172
187 1490.8 65.3549
188 1414.88 33.4025
204 1610.69 74.0395
