6 1149.71 516.061
7 1083.56 509.118
8 1017.32 502.329
9 947.934 494.925
10 876.866 487.165
11 802.339 478.757
12 724.99 469.623
13 644.146 459.839
14 561.468 449.729
15 476.533 438.486
17 301.193 414.685
23 1229.92 482.424
24 1167.84 475.348
25 1102.5 467.988
26 1037.03 460.096
27 968.717 451.917
28 898.649 443.426
29 825.357 434.202
30 748.789 424.268
31 668.824 413.79
32 586.68 402.959
33 502.562 391.208
34 416.725 379.013
35 328.722 366.235
41 1247.34 442.705
42 1185.68 434.942
43 1122.05 426.751
44 1057.12 418.328
45 989.554 409.093
46 920.158 399.749
47 848.164 389.692
48 772.376 379.03
49 694.074 367.977
50 612.814 356.221
51 528.938 343.913
52 444.014 331.193
53 356.983 318.129
58 1320.46 411.185
59 1262.67 403.1
60 1202.99 394.761
61 1141.05 386.028
62 1077.42 376.539
63 1010.85 366.627
64 942.445 356.267
65 870.871 345.592
67 718.526 322.222
68 637.511 309.615
69 555.582 297.039
70 471.801 283.929
71 386.047 270.442
77 1278.87 364.301
78 1220.03 355.238
79 1159.48 345.663
80 1096.63 335.594
81 1030.66 324.968
82 963.216 313.88
83 893.44 302.455
84 819.662 290.265
87 582.355 251.297
88 499.512 237.823
89 415.14 223.871
93 1402.54 344.664
94 1349.5 335.629
95 1293.95 326.163
96 1236.68 316.428
97 1176.79 306.022
98 1114.65 295.196
99 1049.99 283.97
100 983.803 272.171
101 915.06 259.852
103 767.44 233.719
104 689.515 220.376
105 610.039 206.659
106 527.573 192.627
107 444.459 178.393
110 1466.41 317.775
111 1416.53 308.442
112 1364.45 298.863
113 1309.37 288.777
114 1252.83 278.16
115 1193.85 267.328
116 1132.3 255.816
117 1068.89 243.888
118 1003.62 231.273
119 935.804 218.25
121 791.046 191.229
122 714.273 177.163
123 635.322 162.986
124 554.986 148.731
125 473.377 134.322
128 1478.87 282.79
129 1429.63 272.743
130 1378.2 262.678
131 1323.96 251.971
132 1268.1 240.795
133 1209.72 229.199
134 1149.22 217.059
135 1086.9 204.492
136 1022.81 191.452
137 956.077 177.809
138 886.97 163.921
139 814.662 149.678
140 739.017 135.227
141 661.884 120.658
142 583.182 106.352
145 1536.22 258.345
146 1490.25 248.29
147 1441.99 237.949
148 1390.62 227.091
149 1337.43 215.903
150 1282.26 204.301
151 1225 192.079
152 1165.7 179.409
153 1104.53 166.336
154 1041.62 152.723
155 976.104 138.498
156 908.29 124.025
157 837.271 109.365
158 763.564 94.5185
160 610.181 65.0753
161 531.516 50.456
162 1590.24 235.46
163 1547.56 225.438
164 1501.01 214.632
165 1452.96 203.746
166 1402.64 192.58
167 1349.97 180.716
168 1295.31 168.553
169 1239.22 155.789
170 1181.25 142.752
171 1121.09 129.058
172 1059.48 114.976
173 995.568 100.38
174 929.431 85.4463
175 859.985 70.3567
176 787.856 55.2364
177 713.629 40.2118
178 637.475 25.3083
181 1555.55 193.186
182 1510.04 181.927
183 1462.77 170.501
184 1413.07 158.753
185 1361.46 146.549
186 1308.26 134.002
187 1253.28 120.789
188 1196.39 107.152
189 1137.36 93.1942
190 1076.84 78.575
191 1014.5 63.7669
192 949.343 48.416
193 881.341 32.9423
194 811.016 17.8161
200 1518.29 149.934
201 1471.57 138.158
202 1422.85 125.972
203 1372.22 113.386
204 1319.68 100.396
205 1265.64 86.9573
206 1210.09 72.8867
207 1152.16 58.562
208 1092.77 43.6024
209 1031.96 28.3582
